2041440,1400
1920808,1403
1951948,1406
1553170,1409
2049510,1412
1582174,1415
2009476,1418
1985710,1421
2021938,1424
1979165,1427
1932461,1430
1541962,1433
1483012,1436
1823694,1439
1379898,1442
1812820,1445
1641076,1448
1365542,1451
1938437,1454
1938820,1457
1772222,1500
1945765,1503
1876309,1506
2029936,1509
1543996,1512
1380767,1515
1984743,1518
1742597,1521
1733946,1524
2001623,1527
1059480,1530
1412129,1533
1852221,1536
2024182,1539
1971740,1542
1753256,1545
1626020,1548
1917160,1551
1917587,1554
1424827,1557
1860093,1600
